{
  "token_acc":1.0,
  "token_p":1.0,
  "token_r":1.0,
  "token_f":1.0,
  "ents_p":1.0,
  "ents_r":0.5747663551,
  "ents_f":0.7299703264,
  "ents_per_type":{
    "CST":{
      "p":1.0,
      "r":0.5747663551,
      "f":0.7299703264
    }
  },
  "speed":97491.7211598084
}